00000000101000000000001100010011
00000001010000000000001110010011
00000000101000000000111000010011
00000000011100110000001010110011
01000000011100110000001010110011
00000001110000110000010001100011
00000000110000000000000001101111
00000000000100000000010100010011
00000000100000000000000001101111
00000000000000000000010100010011
00001111110000010000010110010111
11111101100001011000010110010011
00000000111000000000011000010011
00000100000000000000100010010011
00000000000000000000000001110011
00000101110100000000100010010011
00000000000000000000000001110011

