00000000101000000000001100010011 0010011 00110 000 00000 01010 0000000 alu 
00000001010000000000001110010011 0010011 00111 000 00000 10100 0000000 alu 
00000000000000000000000000110011 0110011 00000 000 00000 00000 0000000 NOP 
00000000000000000000000000110011 0110011 00000 000 00000 00000 0000000 NOP 
00000000101000000000111000010011 0010011 11100 000 00000 01010 0000000 alu 
00000000011100110000001010110011 0110011 00101 000 00110 00111 0000000 alu 
01000000011100110000001010110011 0110011 00101 000 00110 00111 0100000 alu 
00000001110000110000010001100011 1100011 01000 000 00110 11100 0000000 branch 
00000000000000000000000000110011 0110011 00000 000 00000 00000 0000000 NOP motivo: Jump 
00000000110000000000000001101111 1101111 00000 000 00000 01100 0000000 jump 
00000000000100000000010100010011 0010011 01010 000 00000 00001 0000000 alu 
00000000000000000000000000110011 0110011 00000 000 00000 00000 0000000 NOP motivo: Jump 
00000000100000000000000001101111 1101111 00000 000 00000 01000 0000000 jump 
00000000000000000000010100010011 0010011 01010 000 00000 00000 0000000 alu 
00001111110000010000010110010111 0010111 01011 000 00010 11100 0000111 other 
00000000000000000000000000110011 0110011 00000 000 00000 00000 0000000 NOP 
00000000000000000000000000110011 0110011 00000 000 00000 00000 0000000 NOP 
11111101100001011000010110010011 0010011 01011 000 01011 11000 1111110 alu 
00000000111000000000011000010011 0010011 01100 000 00000 01110 0000000 alu 
00000100000000000000100010010011 0010011 10001 000 00000 00000 0000010 alu 
00000000000000000000000001110011 1110011 00000 000 00000 00000 0000000 memory 
00000101110100000000100010010011 0010011 10001 000 00000 11101 0000010 alu 
00000000000000000000000001110011 1110011 00000 000 00000 00000 0000000 memory 
